    0.999824    0.0113234    0.0161408    0.0235633
  -0.0113269     0.999936 -0.000139398   0.00266945
-6.07885e-05 -6.49448e-05     0.999937    0.0443749
           0            0            0            1
   0.999724   0.0216337   0.0118772   0.0303806
 -0.0215818    0.999755 -0.00482923  0.00716825
  0.0047203  0.00471486    0.999917   0.0492174
          0           0           0           1
   0.999693  0.00353667 -0.00864303   0.0389469
-0.00342928    0.999921    0.012091  -0.0114913
 -0.0120466  -0.0121361    0.999767   0.0361898
          0           0           0           1
    0.99964  0.00840444  -0.0145887   0.0423599
-0.00829987    0.999901   0.0113933  -0.0105045
 -0.0112402   -0.011448     0.99983   0.0342704
          0           0           0           1
    0.99959   0.0117543  -0.0151546   0.0409242
 -0.0116548    0.999879   0.0102952 -0.00904596
 -0.0100971  -0.0103812    0.999848   0.0326728
          0           0           0           1
    0.99959   0.0125604  -0.0166514   0.0360775
 -0.0124563    0.999862    0.011062 -0.00939195
 -0.0108369  -0.0111373    0.999854   0.0281448
          0           0           0           1
   0.99959  0.0153731 -0.0149029  0.0324641
-0.0152604   0.999794  0.0134514 -0.0119171
-0.0132215 -0.0135829   0.999804  0.0268065
         0          0          0          1
   0.999235   0.0268997  -0.0214579   0.0166831
 -0.0268147    0.999613  0.00746988 -0.00482582
-0.00691769 -0.00757389    0.999908  0.00708417
          0           0           0           1
  0.999284   0.028792 -0.0092026  0.0164564
-0.0286731   0.999489  0.0140342 -0.0111245
-0.0137848 -0.0144953   0.999682  0.0201652
         0          0          0          1
   0.999169   0.0325273 -0.00598081   0.0188285
 -0.0324128    0.999368   0.0144122  -0.0109922
 -0.0142126  -0.0150288    0.999625   0.0264313
          0           0           0           1
    0.99906   0.0357509 -0.00493171   0.0157279
 -0.0356404    0.999253   0.0147314  -0.0108726
 -0.0145204  -0.0154308    0.999605   0.0253101
          0           0           0           1
   0.999109   0.0345996 -0.00142856   0.0160944
 -0.0345259    0.999248   0.0174207  -0.0138833
  -0.017346  -0.0182217    0.999502   0.0305654
          0           0           0           1
    0.998991    0.0377619 -0.000740374    0.0203863
  -0.0376488     0.999173    0.0150114   -0.0102951
  -0.0149075   -0.0158958     0.999529    0.0341826
           0            0            0            1
  0.999144  0.0334421 0.00171202   0.018382
-0.0333773   0.999278    0.01788 -0.0138267
-0.0179237 -0.0187788    0.99944  0.0350628
         0          0          0          1
    0.998653    0.0458023  -0.00245537    0.0173042
  -0.0456042     0.998916   0.00832389 -0.000975156
 -0.00799116  -0.00925465     0.999635    0.0279589
           0            0            0            1
   0.998622   0.0464738 -0.00361875   0.0140301
 -0.0462764    0.998884   0.0085006 -0.00147683
-0.00810757 -0.00938265    0.999642   0.0245653
          0           0           0           1
   0.998825   0.0420873 -0.00357306   0.0172249
 -0.0419004    0.999055   0.0108812 -0.00598049
 -0.0105284  -0.0117265    0.999618   0.0269996
          0           0           0           1
   0.999089   0.0355289 0.000861667     0.02308
 -0.0353892     0.99925   0.0152215  -0.0145442
 -0.0150999  -0.0161497    0.999499   0.0384533
          0           0           0           1
    0.998979    0.0385439 -0.000862363     0.029833
  -0.0383612      0.99918    0.0122766    -0.010684
  -0.0120433   -0.0131874     0.999566    0.0423156
           0            0            0            1
   0.998871   0.0411045 -0.00339143   0.0315616
 -0.0409023    0.999103   0.0101493 -0.00879389
-0.00978112    -0.01099    0.999619    0.040802
          0           0           0           1
  0.998961  0.0388902 -0.0053368  0.0324362
 -0.038691   0.999184  0.0109702 -0.0107673
-0.0105503 -0.0117131   0.999628  0.0389546
         0          0          0          1
   0.999058   0.0362535 -0.00692798   0.0373459
 -0.0360529    0.999284   0.0108472  -0.0114566
 -0.0104009   -0.011505    0.999646   0.0401003
          0           0           0           1
   0.999278   0.0301469 -0.00945273   0.0372389
 -0.0299488     0.99945   0.0138592   -0.015635
 -0.0134055  -0.0143752    0.999632   0.0347519
          0           0           0           1
  0.999123  0.0325937 -0.0264932  0.0436692
-0.0323966   0.999381  0.0138509 -0.0163467
  -0.01281 -0.0138488   0.999791  0.0219179
         0          0          0          1
   0.999094   0.0252101  -0.0338251   0.0368676
 -0.0251534    0.999667  0.00589231 -0.00756365
 -0.0047241 -0.00563779    0.999917    0.010458
          0           0           0           1
   0.998736   0.0301876  -0.0385207   0.0359497
 -0.0303287    0.999541 3.58776e-05 -0.00102052
 0.00130118 0.000333678    0.999944  0.00722909
          0           0           0           1
   0.998709   0.0242788  0.00524573   0.0106218
 -0.0243457    0.999694  0.00422187 -0.00655155
-0.00398947 -0.00495504    0.999542   0.0354312
          0           0           0           1
   0.998867   0.0170616   0.0269788  0.00442931
 -0.0168364    0.999811 -0.00960554  0.00785585
 0.00942144  0.00849539      0.9994   0.0529329
          0           0           0           1
  0.998864   0.019389  0.0245413 0.00741779
 -0.019143   0.999754 -0.0110909 0.00906509
 0.0109328  0.0100478    0.99936  0.0526189
         0          0          0          1
  0.998853  0.0199729  0.0253739  0.0111521
-0.0197268   0.999742 -0.0111494 0.00844542
  0.010969  0.0100963   0.999369  0.0567999
         0          0          0          1
   0.998798   0.0189768    0.013686    0.015124
 -0.0187401    0.999774 -0.00964247  0.00590004
 0.00968536  0.00878758    0.999225   0.0457729
          0           0           0           1
   0.998766   0.0169219   0.0025324   0.0161236
  -0.016677    0.999832 -0.00689848  0.00155815
 0.00714188   0.0061977    0.999116   0.0308918
          0           0           0           1
   0.998769   0.0167921  0.00165956    0.013378
 -0.0165486    0.999832 -0.00718316  0.00154284
 0.00744153  0.00649561    0.999108   0.0255917
          0           0           0           1
   0.998731   0.0188447  -0.0011293   0.0134132
 -0.0186169    0.999782 -0.00877291  0.00282265
 0.00906816  0.00815089    0.999071   0.0220648
          0           0           0           1
  0.998735  0.0186245 -0.0012562  0.0106269
-0.0183957   0.999787 -0.0086959 0.00254727
0.00899536  0.0080743   0.999071  0.0196955
         0          0          0          1
   0.998694   0.0206067 -0.00145246  0.00870547
 -0.0203937    0.999736  -0.0100453  0.00382116
  0.0103313   0.0094441    0.999057   0.0177768
          0           0           0           1
   0.998704   0.0201431 -0.00146877  0.00622001
 -0.0199295    0.999745  -0.0100304  0.00425239
   0.010321  0.00942467    0.999057   0.0154656
          0           0           0           1
   0.998687   0.0209432 -0.00171101  0.00925091
 -0.0207326    0.999727  -0.0102113  0.00458935
  0.0104992  0.00961872    0.999053   0.0176768
          0           0           0           1
   0.998713   0.0196812 -0.00209237  0.00754322
 -0.0194634    0.999758 -0.00972205  0.00476132
  0.0100301  0.00912413    0.999054    0.015658
          0           0           0           1
   0.998714   0.0196522 -0.00266207  0.00600895
 -0.0194355    0.999757 -0.00980546   0.0056208
  0.0101247  0.00921823    0.999047    0.013601
          0           0           0           1
    0.99861   0.0239818 -0.00446966  0.00769679
 -0.0238071    0.999634  -0.0123952  0.00878814
  0.0127142   0.0118918       0.999   0.0140071
          0           0           0           1
   0.998621   0.0237126 -0.00256139  0.00901149
 -0.0235172    0.999657  -0.0110781  0.00734274
  0.0113571   0.0105279    0.999037    0.019488
          0           0           0           1
   0.998674   0.0214053 0.000220444  0.00926897
 -0.0211879    0.999727 -0.00933976   0.0054877
 0.00958599   0.0087062    0.999082   0.0240896
          0           0           0           1
   0.99858  0.0242648  0.0110434 0.00513989
-0.0240578   0.999629 -0.0126137  0.0102814
  0.012569  0.0117382   0.999138  0.0373077
         0          0          0          1
  0.998546   0.025732  0.0112373  0.0045904
 -0.025527    0.99959 -0.0128765  0.0109234
 0.0128093  0.0120142   0.999137  0.0368241
         0          0          0          1
  0.998517  0.0269368  0.0108401 0.00480598
-0.0267334   0.999555 -0.0131007  0.0117097
 0.0130293  0.0122641   0.999129  0.0352728
         0          0          0          1
  0.998493  0.0274625  0.0121684 0.00262618
-0.0272589   0.999551 -0.0123419  0.0112085
 0.0122286   0.011477   0.999155  0.0347103
         0          0          0          1
   0.998498   0.0270974   0.0131124 0.000198881
 -0.0268936    0.999564  -0.0120426   0.0114985
  0.0119084   0.0111481     0.99917   0.0339839
          0           0           0           1
  0.998405  0.0310094  0.0158244 0.00781445
-0.0308061   0.999431 -0.0137848  0.0132645
 0.0135211  0.0128538   0.999182   0.043003
         0          0          0          1
  0.998343  0.0325404 0.00545699  0.0315416
-0.0323422   0.999369 -0.0143899   0.013599
 0.0144362  0.0138105   0.998998  0.0542677
         0          0          0          1
  0.997733  0.0474098  0.0548894  0.0290303
 -0.046912   0.998636 -0.0241332  0.0209163
 0.0222556  0.0220614   0.999122  0.0901908
         0          0          0          1
  0.997751  0.0335655  0.0738738  0.0406258
-0.0333811    0.99932 -0.0180497  0.0104429
 0.0156964  0.0149596   0.999566   0.109023
         0          0          0          1
  0.997606  0.0307953  0.0855137  0.0595919
-0.0307655   0.999444 -0.0160289 0.00639362
  0.013333  0.0125221   0.999746   0.122865
         0          0          0          1
  0.997586  0.0299437  0.0807723  0.0730912
-0.0299374   0.999475 -0.0154942   0.005983
 0.0129512  0.0121191   0.999675    0.12714
         0          0          0          1
    0.997145    0.0216348    0.0996734    0.0894945
  -0.0221126     0.999754  -0.00987936 -0.000891446
  0.00698026   0.00596938     0.999837     0.153914
           0            0            0            1
  0.997229  0.0286893   0.098952   0.112685
 -0.028956   0.999552 -0.0124285   0.002954
0.00950408  0.0085887   0.999812   0.162075
         0          0          0          1
  0.997071  0.0265353   0.111465   0.127272
-0.0269502   0.999626 -0.0111776  0.0012757
0.00793694 0.00698513   0.999888   0.177166
         0          0          0          1
  0.997071  0.0298425   0.114865   0.138878
-0.0301787   0.999524 -0.0121201 0.00294694
0.00875579 0.00785313   0.999905   0.181809
         0          0          0          1
   0.996695   0.0209158    0.129757     0.14876
 -0.0217295    0.999786 -0.00818598 -0.00148009
  0.0045325  0.00350221    0.999975    0.196852
          0           0           0           1
    0.996775    0.0258258     0.130503     0.151641
  -0.0264751     0.999659  -0.00966866 -0.000123039
   0.0059782   0.00498597     0.999972      0.19974
           0            0            0            1
   0.996727   0.0234272    0.122908    0.155186
 -0.0241477    0.999724 -0.00880349 -0.00048591
  0.0053115  0.00429466    0.999915    0.198112
          0           0           0           1
    0.996742    0.0247357     0.125193     0.153008
  -0.0254144     0.999689  -0.00925223 -5.86101e-05
  0.00569639   0.00469172     0.999922     0.198562
           0            0            0            1
    0.996726    0.0248282     0.127042     0.148132
  -0.0255179     0.999688  -0.00920956 -0.000494234
  0.00560592   0.00460234     0.999932     0.199353
           0            0            0            1
    0.99583  0.00437221    0.146882    0.131015
-0.00609762     1.00004 -0.00131025   -0.014409
-0.00243641   -0.003576    0.999898    0.212991
          0           0           0           1
    0.996123    0.0101247     0.142024     0.106717
  -0.0115435     0.999984   -0.0036017   -0.0115004
-7.70958e-05  -0.00124507     0.999905     0.207622
           0            0            0            1
      0.9962    0.0126669     0.143928     0.096359
  -0.0139897     0.999949  -0.00437965   -0.0110652
 0.000676999 -0.000494202     0.999903     0.205681
           0            0            0            1
   0.996313   0.0135474      0.1371   0.0719728
 -0.0147372    0.999934 -0.00530502  -0.0091733
 0.00169815  0.00052749    0.999881    0.195371
          0           0           0           1
   0.996449   0.0151976    0.132308   0.0454917
 -0.0162338    0.999903 -0.00648563 -0.00712084
 0.00294749  0.00178171    0.999862    0.184291
          0           0           0           1
    0.99562  0.00784146    0.113461   0.0326348
-0.00957077     1.00001  3.5656e-05  -0.0166516
-0.00338568 -0.00459001    0.999728     0.16555
          0           0           0           1
   0.995754   0.0100882    0.113769   0.0228883
 -0.0116732    0.999986 -0.00131685  -0.0152551
-0.00202763 -0.00324873    0.999732    0.160366
          0           0           0           1
   0.994754 -0.00336537   0.0978948   0.0140041
0.000891932     1.00002  0.00774079  -0.0274751
 -0.0111324  -0.0122707    0.999689     0.14368
          0           0           0           1
   0.995172  0.00492497    0.100033 -0.00843062
-0.00698073     1.00002  0.00341916  -0.0219808
-0.00673297 -0.00804087    0.999709    0.134127
          0           0           0           1
   0.994686 0.000785541   0.0737302  -0.0140307
-0.00315654     1.00002   0.0071932  -0.0264711
 -0.0104761  -0.0117386    0.999763    0.110387
          0           0           0           1
    0.994701  -0.00193583    0.0650802   -0.0278139
-0.000383123      1.00003   0.00667955   -0.0262887
 -0.00999129   -0.0111924     0.999841    0.0937898
           0            0            0            1
   0.994407 -0.00310819   0.0430834  -0.0359566
0.000599695     1.00001  0.00979185  -0.0309564
 -0.0131568  -0.0143534    0.999969   0.0723989
          0           0           0           1
   0.994374 -0.00330134   0.0469575  -0.0417335
0.000761188           1    0.010369  -0.0313775
 -0.0137333  -0.0149254    0.999902   0.0722081
          0           0           0           1
   0.994237 -0.00860276   0.0488176  -0.0593484
 0.00595971    0.999957   0.0126053  -0.0346963
 -0.0160407  -0.0170782    0.999839   0.0643842
          0           0           0           1
   0.994121 -0.00470611   0.0389092  -0.0964382
 0.00190235    0.999945   0.0146166  -0.0372457
 -0.0179949  -0.0191948    0.999954   0.0309928
          0           0           0           1
  0.993337 -0.0205747  0.0359965  -0.105867
 0.0170167   0.999464  0.0296514 -0.0545074
-0.0334303 -0.0339407   0.999629  0.0184228
         0          0          0          1
  0.993072 -0.0253645  0.0375092  -0.134695
 0.0215492   0.999244  0.0337899 -0.0607186
-0.0376983 -0.0378883   0.999425  -0.002636
         0          0          0          1
   0.993282  -0.0224817   0.0437022   -0.146563
  0.0189889    0.999437    0.029524  -0.0552694
 -0.0332137    -0.03361    0.999333 -0.00460691
          0           0           0           1
  0.993306 -0.0221261  0.0558377  -0.175262
 0.0187282   0.999477  0.0285869 -0.0547485
-0.0320359  -0.032453   0.998929 -0.0138524
         0          0          0          1
   0.993887 -0.00821254   0.0810333   -0.185829
 0.00564154    0.999862   0.0194894  -0.0431542
 -0.0223568  -0.0235949    0.998328  0.00567267
          0           0           0           1
   0.993007  -0.0180134   0.0870166   -0.207476
  0.0145166    0.999549   0.0287376  -0.0546114
 -0.0317408  -0.0325282    0.997908 -0.00191058
          0           0           0           1
  0.992778 -0.0197161  0.0888246  -0.233914
   0.01596   0.999457  0.0310621 -0.0583832
-0.0340747 -0.0347718    0.99777 -0.0172017
         0          0          0          1
  0.992723 -0.0195398  0.0926032  -0.251312
 0.0157051   0.999441  0.0317575  -0.059569
-0.0346981  -0.035413   0.997611 -0.0261095
         0          0          0          1
  0.992508 -0.0224101  0.0922404  -0.274634
 0.0183814   0.999338  0.0334525 -0.0634167
-0.0364898 -0.0370171   0.997563 -0.0428996
         0          0          0          1
  0.992788 -0.0203754  0.0969675  -0.237781
 0.0166706   0.999458  0.0307563 -0.0579165
-0.0336234 -0.0343302   0.997513 -0.0131791
         0          0          0          1
  0.992803 -0.0189165  0.0916866  -0.179425
 0.0151971    0.99948  0.0307526 -0.0557538
-0.0336097 -0.0344391   0.997652  0.0210823
         0          0          0          1
  0.993223 -0.0138137  0.0874967  -0.123374
  0.010528   0.999658  0.0266245  -0.048771
-0.0293545 -0.0305213   0.997906  0.0527788
         0          0          0          1
  0.993144 -0.0144539   0.082571  -0.103333
 0.0110897   0.999632  0.0273239  -0.048849
-0.0301237 -0.0312559    0.99802  0.0617407
         0          0          0          1
  0.993041 -0.0162534  0.0757556 -0.0725136
  0.012818   0.999588  0.0280496 -0.0487381
-0.0309833 -0.0320093   0.998184  0.0747165
         0          0          0          1
  0.993056 -0.0133388   0.070521 -0.0391517
0.00985613   0.999614  0.0282929 -0.0477734
-0.0311846 -0.0323966   0.998325  0.0910456
         0          0          0          1
   0.992985   -0.013292   0.0615417 -0.00376199
 0.00974285    0.999593   0.0289536  -0.0473703
 -0.0319276  -0.0331466    0.998554      0.1039
          0           0           0           1
   0.992984 -0.00954537   0.0540639   0.0322834
 0.00593738    0.999611   0.0293018  -0.0470665
 -0.0322061  -0.0336724    0.998756    0.117562
          0           0           0           1
    0.993106  -0.00292775    0.0505996    0.0587464
-0.000589074     0.999677    0.0275864   -0.0440139
  -0.0302848   -0.0321769     0.998916     0.127483
           0            0            0            1
  0.992752 -0.0124278  0.0480808  0.0670632
 0.0085533   0.999472  0.0330954 -0.0509429
-0.0361096 -0.0374208   0.998797   0.129038
         0          0          0          1
   0.992917 -0.00826127   0.0480541    0.067519
 0.00456614    0.999579   0.0305493  -0.0481517
 -0.0334128  -0.0350234    0.998891    0.127401
          0           0           0           1
  0.992997 -0.0048041  0.0439552  0.0613563
0.00118524   0.999629  0.0292139 -0.0471204
-0.0319649 -0.0338097    0.99907   0.114434
         0          0          0          1
   0.992663 -0.00914432    0.024424   0.0554932
 0.00519808    0.999465    0.033834  -0.0547529
 -0.0368254  -0.0384086    0.999553   0.0829904
          0           0           0           1
   0.992657 -0.00514829   0.0128187   0.0507771
 0.00118499    0.999492   0.0334015  -0.0559177
 -0.0362584  -0.0381549    0.999973   0.0603432
          0           0           0           1
    0.99256 -0.00887983  0.00227186   0.0476823
 0.00480192    0.999362   0.0367253  -0.0613648
 -0.0397764   -0.041392     1.00021   0.0385519
          0           0           0           1
  0.992351 -0.0204113 -0.0063845  0.0383699
  0.015983   0.998748  0.0481651 -0.0758716
-0.0518629 -0.0524855    1.00004  0.0124523
         0          0          0          1
    0.99213  -0.0304011  -0.0154398   0.0380633
  0.0257119    0.998098   0.0562886  -0.0866282
 -0.0607701  -0.0602994     1.00006 -0.00875402
          0           0           0           1
  0.992058 -0.0356091 -0.0311076  0.0393332
 0.0306441    0.99737  0.0652219  -0.098156
-0.0705332 -0.0693847    1.00038 -0.0347964
         0          0          0          1
  0.992136 -0.0353716 -0.0453881  0.0349362
 0.0303168   0.997128  0.0684455  -0.103528
-0.0741936 -0.0730595    1.00108 -0.0618437
         0          0          0          1
  0.992243 -0.0385261 -0.0466613   0.028565
 0.0333629   0.996649  0.0735971  -0.109841
-0.0796559 -0.0780117    1.00077 -0.0768949
         0          0          0          1
  0.992223 -0.0374615 -0.0599574  0.0269929
 0.0323007   0.996712  0.0728009  -0.111825
-0.0791978 -0.0777304    1.00182 -0.0999663
         0          0          0          1
   0.99202 -0.0359695 -0.0719125  0.0275745
 0.0308218   0.997036  0.0686509  -0.110465
-0.0752361 -0.0740652    1.00301  -0.122774
         0          0          0          1
  0.991891 -0.0419646 -0.0876318  0.0314223
  0.036892   0.996675  0.0702531  -0.113144
-0.0778488 -0.0757566    1.00397  -0.145328
         0          0          0          1
  0.991888 -0.0469927 -0.0978735  0.0299977
 0.0420155   0.996258  0.0727105  -0.116892
-0.0811494 -0.0782303    1.00453  -0.169128
         0          0          0          1
  0.991438 -0.0460522  -0.116969  0.0300791
 0.0409248   0.996624  0.0675653  -0.115803
 -0.076591 -0.0739405    1.00629  -0.198746
         0          0          0          1
  0.991644 -0.0403073  -0.135975  0.0334422
 0.0351838   0.996824  0.0671731  -0.118263
-0.0764437 -0.0746665    1.00762  -0.224045
         0          0          0          1
  0.990616 -0.0290154  -0.155856  0.0270063
 0.0230672   0.997811  0.0567786  -0.114604
-0.0654427 -0.0656085    1.00962  -0.259051
         0          0          0          1
  0.990826 -0.0295171  -0.159302  0.0289011
 0.0237306   0.997705   0.058219  -0.115694
-0.0670322 -0.0671001    1.00974  -0.262436
         0          0          0          1
  0.990657 -0.0339162  -0.146949  0.0371842
 0.0282126   0.997583  0.0586803  -0.112855
-0.0674135 -0.0669183    1.00881  -0.230675
         0          0          0          1
  0.989717 -0.0359046  -0.126572  0.0333907
 0.0297914   0.997863  0.0537035  -0.107082
-0.0618407 -0.0611739    1.00772  -0.202352
         0          0          0          1
  0.988886 -0.0355529  -0.112308  0.0325153
 0.0289988   0.998234  0.0474825  -0.100446
-0.0550701 -0.0545281     1.0072  -0.173033
         0          0          0          1
   0.98843  -0.030145  -0.104496  0.0361747
 0.0231803   0.998651  0.0419036 -0.0948545
-0.0489302 -0.0490412    1.00708  -0.146861
         0          0          0          1
  0.988308 -0.0285287  -0.098366  0.0415762
 0.0214514   0.998756  0.0404507 -0.0924169
-0.0472433   -0.04753    1.00685  -0.120595
         0          0          0          1
  0.988358 -0.0261127 -0.0888076  0.0456209
 0.0190125   0.998801  0.0407399 -0.0918231
-0.0472334 -0.0477524    1.00637 -0.0939861
         0          0          0          1
  0.988415 -0.0263854 -0.0884333  0.0555196
 0.0193246   0.998764  0.0414982 -0.0911713
-0.0480058 -0.0484919    1.00631 -0.0724985
         0          0          0          1
  0.989009 -0.0291487 -0.0788654  0.0683832
 0.0224385    0.99831  0.0500175 -0.0964002
-0.0565148 -0.0566785    1.00535 -0.0330041
         0          0          0          1
  0.989457 -0.0373622 -0.0787455  0.0888492
 0.0309871   0.997544  0.0595457  -0.102494
-0.0666268 -0.0657308    1.00474 0.00176849
         0          0          0          1
  0.989335 -0.0347806  -0.087372   0.116025
 0.0283167   0.997775  0.0567709 -0.0964941
-0.0638985 -0.0633758    1.00546  0.0270469
         0          0          0          1
  0.988539 -0.0193117 -0.0483983   0.106169
 0.0125955    0.99865  0.0467358 -0.0808282
-0.0522614  -0.053822    1.00351  0.0803995
         0          0          0          1
  0.988383 -0.0113095  -0.022686  0.0985481
0.00451822   0.998817  0.0446652 -0.0757207
-0.0496494 -0.0521106    1.00221   0.119914
         0          0          0          1
    0.98829 -0.00524228  -0.0186883    0.111002
-0.00147399    0.999084   0.0384511  -0.0670491
 -0.0430933  -0.0461929     1.00232    0.145771
          0           0           0           1
    0.988425  -0.00585744   -0.0183255     0.138147
-0.000996591      0.99879    0.0454726   -0.0737264
  -0.0501712   -0.0531923      1.00194       0.1832
           0            0            0            1
   0.988407 -0.00312983  -0.0079246    0.150379
-0.00374679    0.998799   0.0450945  -0.0702017
 -0.0496837  -0.0529914     1.00142    0.222969
          0           0           0           1
   0.988363 0.000723502  -0.0105742    0.158385
 -0.0074461    0.999016   0.0394702  -0.0617069
 -0.0438144  -0.0475271     1.00183    0.228714
          0           0           0           1
   0.988381 -0.00138761 -0.00924644    0.176631
-0.00536837    0.998954   0.0413248  -0.0638016
 -0.0457841  -0.0492986     1.00168    0.247105
          0           0           0           1
   0.988247   0.0114155 -0.00257331     0.19129
 -0.0180758    0.999067   0.0341566  -0.0504249
 -0.0380869  -0.0428006     1.00172    0.276459
          0           0           0           1
  0.988177 0.00732066  0.0171454   0.199428
-0.0139503   0.999132  0.0338263 -0.0495086
-0.0382831 -0.0426984    1.00091   0.319985
         0          0          0          1
   0.98818 0.00784684   0.015824   0.203772
-0.0144596   0.999139  0.0333914 -0.0491528
-0.0378057 -0.0422635    1.00098   0.323748
         0          0          0          1
  0.987833  0.0159813  0.0464245   0.225231
-0.0224696   0.999098  0.0288728  -0.040792
-0.0337933 -0.0390734   0.999943   0.383579
         0          0          0          1
  0.987843  0.0230695  0.0463704   0.237208
-0.0294005   0.999002  0.0256977 -0.0351767
-0.0303453 -0.0361287    1.00006   0.396658
         0          0          0          1
  0.987782   0.025617   0.044109     0.2567
-0.0319722   0.998924  0.0257145 -0.0363548
-0.0301963 -0.0361507    1.00013   0.415159
         0          0          0          1
  0.987678  0.0345075    0.07015   0.259064
-0.0403617   0.998764  0.0174968 -0.0221362
-0.0227896 -0.0293962   0.999521   0.459622
         0          0          0          1
  0.987426  0.0460988   0.069293   0.282551
-0.0518176   0.998281  0.0145157 -0.0143158
-0.0194362  -0.026629   0.999623   0.479966
         0          0          0          1
  0.987264   0.050215  0.0688864   0.298516
-0.0559332   0.998066   0.013993 -0.0120905
-0.0187824  -0.026164   0.999645   0.493605
         0          0          0          1
  0.987121  0.0500974  0.0690851   0.318426
-0.0559876   0.998034  0.0160433 -0.0166905
-0.0208407 -0.0282233   0.999587   0.508153
         0          0          0          1
  0.987253  0.0407696  0.0781146   0.333855
-0.0469041   0.998439  0.0193322 -0.0289825
-0.0248436  -0.031759   0.999261    0.53138
         0          0          0          1
  0.987262  0.0404044  0.0956071   0.348274
-0.0464476   0.998473  0.0177645  -0.025945
 -0.024122 -0.0310147   0.998769   0.560426
         0          0          0          1
  0.987378  0.0473371  0.0887335   0.338849
-0.0529771   0.998215  0.0136756 -0.0150025
-0.0194779 -0.0267262    0.99904   0.548049
         0          0          0          1
  0.987461  0.0482516   0.075071   0.329531
-0.0537289   0.998197  0.0125702  -0.012504
-0.0176216 -0.0249045   0.999315   0.521991
         0          0          0          1
  0.987552  0.0473993  0.0719299   0.312424
-0.0528089   0.998255  0.0120502 -0.0110787
-0.0169577 -0.0242026   0.999386   0.501173
         0          0          0          1
  0.987357  0.0472632  0.0649786    0.29265
-0.0528854   0.998216  0.0150501 -0.0171354
-0.0195838 -0.0268371   0.999439   0.467774
         0          0          0          1
  0.986984  0.0429263  0.0302791   0.281508
-0.0488817   0.998332  0.0216906 -0.0275701
-0.0247167 -0.0319074          1   0.409122
         0          0          0          1
   0.98686  0.0423864  0.0137433   0.275316
-0.0484685   0.998294  0.0250971 -0.0344118
-0.0273441 -0.0345546    1.00033   0.372407
         0          0          0          1
   0.98695  0.0395247 0.00874106   0.269309
-0.0456289   0.998391  0.0268023  -0.038353
-0.0289174  -0.035952    1.00042   0.354877
         0          0          0          1
  0.987059  0.0361642  0.0104498    0.26296
-0.0423051   0.998484  0.0287595   -0.04196
  -0.03107 -0.0378849     1.0003   0.350909
         0          0          0          1
  0.987132  0.0322637 0.00583704   0.248906
-0.0385601   0.998476  0.0341935  -0.052228
-0.0364698 -0.0430283    1.00024   0.323549
         0          0          0          1
  0.987188  0.0301376 0.00888625   0.237894
-0.0364539    0.99852  0.0351109 -0.0533852
-0.0375924 -0.0439804    1.00008   0.317858
         0          0          0          1
  0.987314  0.0183786 -0.0132416    0.22915
-0.0246782    0.99879  0.0381519 -0.0606781
-0.0406195 -0.0460808    1.00084   0.272786
         0          0          0          1
   0.987239   0.0205297 -0.00868508    0.210142
 -0.0267933    0.998814   0.0358586  -0.0556764
 -0.0383443  -0.0439952     1.00074     0.26114
          0           0           0           1
  0.987015   0.024609  0.0107561   0.184597
-0.0307853   0.998807  0.0319439 -0.0496997
-0.0348473 -0.0408393    1.00004   0.259508
         0          0          0          1
  0.986737  0.0286985 -0.0134763   0.183381
-0.0349198   0.998697  0.0318291 -0.0499333
-0.0338048 -0.0401508    1.00084   0.212456
         0          0          0          1
  0.986802  0.0252759 -0.0296285   0.183469
 -0.031481   0.998735   0.034695 -0.0559692
-0.0363167  -0.042422    1.00127   0.174335
         0          0          0          1
  0.986722  0.0267197 -0.0544953   0.190771
-0.0329066   0.998575  0.0386354 -0.0612969
 -0.039434 -0.0456772    1.00195    0.13449
         0          0          0          1
  0.986895  0.0233939 -0.0490502   0.168842
-0.0295199   0.998612  0.0402735 -0.0631911
-0.0414033 -0.0473492    1.00164    0.11878
         0          0          0          1
  0.986026 0.00963636  0.0226572   0.101575
-0.0161071   0.998485  0.0486849 -0.0744061
 -0.052076 -0.0567639   0.996753   0.136999
         0          0          0          1
  0.986031  0.0105632  0.0241954  0.0778254
-0.0169958   0.998502  0.0479764 -0.0734913
-0.0513428 -0.0561309   0.996709    0.10997
         0          0          0          1
  0.985578 0.00951273 -0.0146448  0.0846187
-0.0159117    0.99855  0.0478992 -0.0758334
-0.0507579  -0.055458   0.998341  0.0589589
         0          0          0          1
   0.984119  0.00893002  -0.0798446    0.110961
 -0.0155231    0.999032     0.03778  -0.0672449
 -0.0394441  -0.0442328     1.00097 0.000132299
          0           0           0           1
  0.982121  0.0187588    -0.1404   0.142751
-0.0262869   0.999095  0.0306091 -0.0623807
-0.0303817 -0.0360714    1.00258 -0.0495114
         0          0          0          1
  0.983987  0.0050011  -0.151602   0.146193
-0.0108657   0.998938  0.0429089 -0.0740143
-0.0431771 -0.0477701    1.00245 -0.0733507
         0          0          0          1
    0.98528 -0.00399417   -0.157632    0.146203
-0.00076744    0.998594   0.0514711  -0.0826933
 -0.0522727  -0.0558887     1.00229  -0.0934841
          0           0           0           1
   0.985256 -0.00232223   -0.163438    0.148658
-0.00247586    0.998597   0.0513655  -0.0831642
 -0.0520585   -0.055861      1.0026    -0.10715
          0           0           0           1
   0.985134 -0.00117669   -0.160169    0.145626
 -0.0037177     0.99863   0.0506255  -0.0829565
 -0.0512565  -0.0551977     1.00246   -0.111064
          0           0           0           1
   0.985309 -0.00222572    -0.16521    0.142973
-0.00252314    0.998575   0.0517802  -0.0843819
 -0.0524714   -0.056279     1.00266   -0.120816
          0           0           0           1
    0.985588  -0.00388694    -0.164606     0.145015
-0.000640288     0.998487    0.0535094   -0.0852549
  -0.0543191   -0.0579117      1.00252    -0.117363
           0            0            0            1
   0.985285 -0.00127443   -0.163234    0.143955
-0.00349711     0.99858   0.0516285  -0.0839445
  -0.052264  -0.0561891     1.00255   -0.118421
          0           0           0           1
    0.985831  -0.00433384    -0.153907     0.138155
-1.22682e-05     0.998389    0.0553035   -0.0866184
  -0.0561586   -0.0596846       1.0018    -0.116149
           0            0            0            1
   0.985663 -0.00226832   -0.153897    0.136274
-0.00221822    0.998449   0.0541703  -0.0859265
 -0.0548858   -0.058675     1.00187   -0.117763
          0           0           0           1
    0.985807  -0.00354868    -0.153578     0.136016
-0.000823468     0.998398    0.0551329   -0.0867709
  -0.0559368   -0.0595615      1.00179    -0.117914
           0            0            0            1
   0.985688 -0.00297947   -0.153396    0.139286
-0.00147941    0.998441    0.054341  -0.0860237
 -0.0551008  -0.0588063     1.00183   -0.114648
          0           0           0           1
  0.985486 -0.0013222  -0.154161   0.138935
-0.0032944   0.998508   0.053007 -0.0852325
-0.0536484 -0.0575692    1.00195  -0.115314
         0          0          0          1
   0.984905  0.00300754   -0.165098    0.142327
-0.00807076    0.998657   0.0496409  -0.0825105
 -0.0498988  -0.0543693     1.00269    -0.12419
          0           0           0           1
    0.985327 -4.84988e-05    -0.163563      0.14309
 -0.00467725      0.99855    0.0521668   -0.0843138
  -0.0526334   -0.0567361      1.00247    -0.123298
           0            0            0            1
   0.985511 -0.00174555   -0.161614    0.144056
-0.00282935    0.998496   0.0533068  -0.0849683
 -0.0538918  -0.0577855      1.0023   -0.117947
          0           0           0           1
     0.98579  -0.00341453    -0.158951      0.14438
-0.000946516     0.998404    0.0550824    -0.086033
  -0.0557908   -0.0594632      1.00205    -0.113137
           0            0            0            1
   0.985848 -0.00380511   -0.159167    0.144273
-0.00051074    0.998383   0.0554606  -0.0865258
 -0.0561975  -0.0598172     1.00204   -0.114366
          0           0           0           1
